108,1
107,145
107,144
107,143
107,142
107,141
107,140
107,139
107,138
107,137
107,136
107,135
107,134
107,133
107,132
107,131
107,130
107,129
107,128
107,74
107,73
107,72
107,71
107,70
107,69
107,68
107,67
107,66
107,65
107,64
107,63
107,62
107,61
107,60
107,59
107,58
107,57
107,56
107,55
107,54
107,53
107,52
107,51
107,50
107,49
107,48
107,47
107,46
107,45
107,44
107,43
107,42
107,41
107,40
107,39
107,38
107,37
107,36
107,35
107,34
107,33
107,32
107,31
107,30
107,29
107,28
107,27
107,26
107,25
107,24
107,23
107,22
107,21
107,20
107,19
107,18
107,17
107,16
107,15
107,14
107,13
107,12
107,11
107,10
107,9
107,8
107,7
107,6
107,5
107,4
107,3
107,2
107,1
106,3
106,2
106,1
105,22
105,21
105,19
105,18
105,17
105,16
105,15
105,14
105,13
105,12
105,11
105,10
105,9
105,8
105,7
105,6
105,5
105,4
105,3
105,2
105,1
104,3
104,2
104,1
103,3
103,2
103,1
102,3
102,2
102,1
101,3
101,2
101,1
100,3
100,2
100,1
99,3
99,2
99,1
98,3
98,2
98,1
97,3
97,2
97,1
96,3
96,2
96,1
95,3
95,2
95,1
94,3
94,2
94,1
93,15
93,14
93,13
93,12
93,11
93,10
93,9
93,8
93,6
93,5
93,4
93,3
93,2
93,1
92,6
92,5
92,4
92,3
92,2
92,1
91,19
91,18
91,16
91,15
91,14
91,13
91,12
91,11
91,10
91,9
91,8
91,7
91,6
91,5
91,4
91,2
91,1
90,18
90,17
90,16
90,15
90,14
90,13
90,12
90,11
90,10
90,9
90,8
90,7
90,6
90,5
90,4
90,3
90,2
90,1
89,11
89,10
89,8
89,7
89,6
89,5
89,4
89,3
89,2
89,1
88,3
88,2
88,1
87,6
87,5
87,4
87,3
87,2
87,1
86,3
86,2
86,1
85,9
85,8
85,6
85,5
85,4
85,3
85,2
85,1
84,4
84,2
84,1
83,5
83,4
83,3
83,2
83,1
82,3
82,2
82,1
81,5
81,4
81,3
81,2
81,1
80,5
80,4
80,3
80,2
80,1
79,3
79,2
79,1
78,3
78,2
78,1
5,8
5,7
5,6
5,5
5,4
5,3
5,2
5,0
4,3
3,2
3,0
108,2
108,3
108,5
108,6
108,8
108,9
108,11
108,13
108,14
108,16
108,17
108,19
108,21
108,22
108,24
108,25
108,27
108,28
108,30
108,32
108,33
108,35
108,36
108,38
108,40
108,41
108,43
108,44
108,46
108,47
108,49
108,51
108,52
108,54
108,55
108,57
108,59
108,60
108,62
108,63
108,65
108,66
108,68
108,70
108,71
108,73
108,74
108,76
108,128
108,129
108,131
108,132
108,134
108,136
108,137
108,139
108,140
108,142
108,143
108,145
108,147
108,148
108,150
108,151
108,153
108,155
108,156
108,158
108,159
108,161
108,162
108,164
108,166
108,167
108,169
108,170
108,172
108,174
108,175
109,1
109,2
109,4
109,5
109,7
109,9
110,1
49,92
49,94
49,96
49,97
49,99
49,100
49,102
49,104
49,105
49,107
49,108
49,110
49,111
49,113
49,115
49,116
49,118
49,119
49,121
49,123
49,124
49,126
49,127
49,129
49,131
49,132
49,134
49,135
49,137
49,138
49,140
49,142
49,143
49,145
49,146
49,148
49,150
49,151
49,153
49,154
49,156
49,157
49,159
49,161
49,162
49,164
49,165
49,167
49,169
49,170
49,172
49,173
49,175
49,176
49,178
49,180
49,181
49,183
49,184
49,186
49,188
49,189
49,191
49,192
49,194
49,196
49,197
49,199
49,200
49,202
49,203
49,205
49,207
49,208
49,210
49,211
49,213
49,215
49,216
49,218
49,219
49,221
49,222
49,224
49,226
49,227
49,229
49,230
49,232
49,234
49,235
49,237
49,238
49,240
49,241
49,243
49,245
49,246
49,248
49,249
49,251
49,253
49,254
49,256
49,257
49,259
49,261
49,262
49,264
49,265
49,267
49,268
49,270
49,272
49,273
49,275
49,276
49,278
49,280
49,281
49,283
49,284
49,286
49,287
49,289
49,291
49,292
49,294
49,295
49,297
49,299
49,300
49,302
49,303
49,305
49,306
49,308
49,310
49,311
49,313
49,314
49,316
49,318
49,319
49,321
49,322
49,324
49,325
49,327
49,329
49,330
49,332
49,333
49,335
49,337
49,338
49,340
49,341
49,343
49,345
49,346
49,348
49,349
49,351
49,352
49,354
49,356
49,357
49,359
49,360
49,362
49,364
49,365
49,367
49,368
49,370
49,371
49,373
49,375
49,376
49,378
49,379
49,381
49,383
49,384
49,386
49,387
49,389
49,390
49,392
49,394
49,395
49,397
49,398
49,400
49,402
49,403
49,405
49,406
49,408
49,410
49,411
49,413
49,414
49,416
49,417
49,419
49,421
49,422
49,424
49,425
49,427
49,429
49,430
49,432
49,433
49,435
49,436
49,438
49,440
49,441
49,443
49,444
49,446
49,448
49,449
49,451
49,452
49,454
49,455
49,457
49,459
49,460
49,462
49,463
49,465
49,467
49,468
49,470
49,471
49,473
49,474
49,476
49,478
49,479
49,481
49,482
49,484
49,486
49,487
49,489
49,490
49,492
49,494
49,495
49,497
49,498
49,500
49,501
49,503
49,505
49,506
49,508
49,509
49,511
49,513
49,514
49,516
49,517
49,519
49,520
49,522
49,524
49,525
49,527
49,528
49,530
49,532
49,533
49,535
49,536
49,538
49,539
49,541
49,543
49,544
49,546
49,547
49,549
49,551
49,552
49,554
49,555
49,557
49,559
49,560
49,562
49,563
49,565
49,566
49,568
49,570
49,571
49,573
49,574
49,576
49,578
49,579
49,581
49,582
49,584
49,585
49,587
49,589
49,590
49,592
49,593
49,595
49,597
49,598
49,600
49,601
49,603
49,604
49,606
49,608
49,609
49,611
49,612
49,614
49,616
49,617
49,619
49,620
49,622
49,623
49,625
49,627
49,628
49,630
49,631
49,633
49,635
49,636
49,638
49,639
49,641
49,643
49,644
49,646
49,647
49,649
49,650
49,652
49,654
49,655
49,657
49,658
49,660
49,662
49,663
49,665
49,666
49,668
49,669
49,671
49,673
49,674
49,676
49,677
49,679
49,681
49,682
49,684
49,685
49,687
49,688
49,690
49,692
49,693
49,695
49,696
49,698
49,700
49,701
49,703
49,704
49,706
49,708
49,709
49,711
49,712
49,714
49,715
49,717
49,719
49,720
49,722
49,723
49,725
49,727
49,728
49,730
49,731
49,733
49,734
49,736
49,738
49,739
49,741
49,742
49,744
49,746
49,747
49,749
49,750
49,752
49,753
49,755
49,757
49,758
49,760
49,761
49,763
49,765
49,766
49,768
49,769
49,771
49,773
49,774
49,776
49,777
49,779
49,780
49,782
49,784
49,785
49,787
49,788
49,790
49,792
49,793
49,795
49,796
49,798
49,799
49,801
49,803
49,804
49,806
49,807
49,809
51,0
51,1
51,3
51,4
53,1
53,2
53,4
55,1
55,2
55,4
56,0
56,2
56,4
56,5
58,1
58,2
58,4
59,0
59,2
59,4
59,5
76,1
76,2
77,0
77,2
77,3
77,4
77,1
76,3
76,0
59,3
59,1
58,3
58,0
56,3
56,1
55,3
55,0
53,3
53,0
51,2
49,810
49,808
49,805
49,802
49,800
49,797
49,794
49,791
49,789
49,786
49,783
49,781
49,778
49,775
49,772
49,770
49,767
49,764
49,762
49,759
49,756
49,754
49,751
49,748
49,745
49,743
49,740
49,737
49,735
49,732
49,729
49,726
49,724
49,721
49,718
49,716
49,713
49,710
49,707
49,705
49,702
49,699
49,697
49,694
49,691
49,689
49,686
49,683
49,680
49,678
49,675
49,672
49,670
49,667
49,664
49,661
49,659
49,656
49,653
49,651
49,648
49,645
49,642
49,640
49,637
49,634
49,632
49,629
49,626
49,624
49,621
49,618
49,615
49,613
49,610
49,607
49,605
49,602
49,599
49,596
49,594
49,591
49,588
49,586
49,583
49,580
49,577
49,575
49,572
49,569
49,567
49,564
49,561
49,558
49,556
49,553
49,550
49,548
49,545
49,542
49,540
49,537
49,534
49,531
49,529
49,526
49,523
49,521
49,518
49,515
49,512
49,510
49,507
49,504
49,502
49,499
49,496
49,493
49,491
49,488
49,485
49,483
49,480
49,477
49,475
49,472
49,469
49,466
49,464
49,461
49,458
49,456
49,453
49,450
49,447
49,445
49,442
49,439
49,437
49,434
49,431
49,428
49,426
49,423
49,420
49,418
49,415
49,412
49,409
49,407
49,404
49,401
49,399
49,396
49,393
49,391
49,388
49,385
49,382
49,380
49,377
49,374
49,372
49,369
49,366
49,363
49,361
49,358
49,355
49,353
49,350
49,347
49,344
49,342
49,339
49,336
49,334
49,331
49,328
49,326
49,323
49,320
49,317
49,315
49,312
49,309
49,307
49,304
49,301
49,298
49,296
49,293
49,290
49,288
49,285
49,282
49,279
49,277
49,274
49,271
49,269
49,266
49,263
49,260
49,258
49,255
49,252
49,250
49,247
49,244
49,242
49,239
49,236
49,233
49,231
49,228
49,225
49,223
49,220
49,217
49,214
49,212
49,209
49,206
49,204
49,201
49,198
49,195
49,193
49,190
49,187
49,185
49,182
49,179
49,177
49,174
49,171
49,168
49,166
49,163
49,160
49,158
49,155
49,152
49,149
49,147
49,144
49,141
49,139
49,136
49,133
49,130
49,128
49,125
49,122
49,120
49,117
49,114
49,112
49,109
49,106
49,103
49,101
49,98
49,95
49,93
49,91
49,90
49,89
49,88
49,87
49,86
49,85
49,84
49,83
49,82
49,81
49,80
49,79
49,78
49,77
49,76
49,75
49,74
49,73
49,72
49,71
49,70
49,69
49,68
49,67
49,66
49,65
49,64
49,35
49,34
49,33
49,32
49,31
49,30
49,29
49,28
49,27
49,26
49,25
49,24
49,23
49,22
49,21
49,20
49,19
49,18
49,17
49,16
49,15
49,14
49,13
49,12
49,11
49,10
49,9
49,8
49,7
49,6
49,5
49,4
49,3
49,2
49,0
7,3
110,3
110,4
111,2
111,3
115,2
115,3
115,5
115,4
115,1
111,1
110,5
110,2
109,8
109,3
108,176
108,173
108,171
108,168
108,165
108,163
108,160
108,157
108,154
108,152
108,149
108,146
108,144
108,141
108,138
108,135
108,133
108,130
108,77
108,75
108,72
108,69
108,67
108,64
108,61
108,58
108,56
108,53
108,50
108,48
108,45
108,42
108,39
108,37
108,34
108,31
108,29
108,26
108,23
108,20
108,18
108,15
108,12
108,10
108,7
108,4
2,2
2,0
1,2
1,0
0,2
0,0
91,3
84,3
0,9
1,45
3,44
2,44
1,47
1,44
3,43
2,43
1,43
3,42
2,42
1,42
3,41
2,41
1,41
3,40
2,40
1,40
3,39
2,39
1,39
3,38
2,38
1,38
3,37
2,37
1,37
3,36
2,36
1,36
3,35
2,35
1,35
3,34
2,34
1,34
3,33
2,33
1,33
3,32
2,32
1,32
3,31
2,31
1,31
3,30
2,30
1,30
3,29
2,29
1,29
3,28
2,28
1,28
3,27
2,27
1,27
3,26
2,26
1,26
3,25
2,25
1,25
3,24
2,24
1,24
3,23
2,23
1,23
3,22
2,22
1,22
3,21
2,21
1,21
3,20
2,20
1,20
3,19
2,19
1,19
3,18
2,18
1,18
3,17
2,17
1,17
3,16
2,16
1,16
3,15
2,15
1,15
3,14
2,14
1,14
3,13
2,13
1,13
3,12
2,12
1,12
3,11
2,11
1,11
3,10
2,10
1,10
3,9
2,9
1,9
3,8
2,8
1,8
3,7
2,7
1,7
3,6
2,6
1,6
3,5
2,5
1,5
3,4
2,46
2,4
1,48
1,4
3,3
2,45
2,3
1,46
1,3
0,6
0,5
0,47
0,46
0,49
0,48
0,45
0,12
0,10
0,8
0,11
0,7
0,4
0,3
115,0
111,0
110,0
109,0
108,0
107,0
106,0
105,0
104,0
103,0
102,0
101,0
100,0
99,0
98,0
97,0
96,0
95,0
94,0
93,0
92,0
91,0
90,0
89,0
88,0
87,0
86,0
85,0
84,0
83,0
82,0
81,0
80,0
79,0
78,0
